2917.3229
2593.2425
2433.2635
2404.1709
2203.0012
2303.0172
2045.0953
1915.7731
1853.9102
1933.8765
1742.8940
1623.7875
1600.7312
1511.8427
1751.7417
1386.6206
1466.5869
1384.5355
1381.5333
1342.6347
1320.4905
1311.7419
1257.5238
1191.5748
1149.6150
1024.4550
1018.4775
1017.5363
1013.5989
1013.4244
1000.6037
984.4884
960.5625
951.4418
940.4483
927.4934
880.4410
876.4971
789.4716
715.4171
698.3580
695.3359
674.3468
673.3780
658.3155
649.3338
749.3498
645.3566
581.3042
517.2980
517.2980
509.3194
508.2514
503.2936