5157.5765
4152.0454
3864.6978
3591.8098
3344.5932
3273.5328
3216.5729
3216.5690
3022.4462
2659.3150
2645.2955
2559.2435
2515.2503
2434.2765
2412.1942
2249.1019
2130.2069
2112.1182
2098.0662
2066.1029
2056.9644
2019.0473
1996.9458
1996.0102
1976.6951
1969.9402
1961.0338
1944.0476
1910.1320
1908.9953
1890.8293
1873.9442
1847.8406
1811.9438
1772.9217
1741.8360
1714.9235
1701.8550
1625.7152
1595.7581
1567.8325
1560.7549
1541.7926
1510.6876
1448.7016
1444.7583
1421.6365
1386.7164
1341.7260
1325.7099
1322.7103
1316.7936
1251.5865
1243.6575
1232.5616
1221.6183
1211.5361
1191.5752
1158.6517
1136.4975
1066.5271
1057.6000
1056.6299
1044.5432
1033.6292
1032.5472
1031.5255
1026.5367
1026.4560
1018.5356
961.5564
927.5046
925.4778
921.5040
912.4066
909.4537
904.4774
890.4366
888.4785
877.4811
877.4382
876.4284
872.4723
871.4924
855.4934
855.4644
854.4553
823.4560
819.4723
818.4155
814.4934
806.3831
794.4155
789.4902
785.3723
775.3944
773.4152
767.4120
764.4301
732.3635
726.4508
702.4144
665.3617
648.4079
648.3134
632.3800
632.2998
607.3086
560.3038
549.2878
546.3246
538.2984
533.3042
522.2527
521.2388
518.2820
514.2983
504.2776
503.2824
500.2827